x[0] = 0.00189272
x[1] = -0.000600219
x[2] = 0.00978884
x[3] = -0.00298184
x[4] = -0.00285511
x[5] = 0.0102381
x[6] = 0.00142868
x[7] = 0.00577085
x[8] = 0.00402145
x[9] = 0.00731141
x[10] = 0.00616007
x[11] = 0.0056975
x[12] = -0.000539021
x[13] = -0.0032067
x[14] = 0.00686648
x[15] = 0.00917996
x[16] = 0.00779007
x[17] = 0.00524077
x[18] = 0.00690229
x[19] = 0.00858854
x[20] = -0.00176089
x[21] = 0.00178663
x[22] = 7.08552e-05
x[23] = -0.00186016
x[24] = -0.000960514
x[25] = 0.000909506
x[26] = 0.0024309
x[27] = 0.00185127
x[28] = 0.00490659
x[29] = 0.00154589
x[30] = 0.000353603
x[31] = 0.00351249
x[32] = -0.00150645
x[33] = 0.00151674
x[34] = -0.00320699
x[35] = 0.00211478
x[36] = -0.00125875
x[37] = 0.00994214
x[38] = 0.00257718
x[39] = -0.00019555
x[40] = 0.00421602
x[41] = 0.00896479
x[42] = -0.000428674
x[43] = 0.00799678
x[44] = 0.00372603
x[45] = -0.00311583
x[46] = 0.00266017
x[47] = 0.00655692
x[48] = 0.00335875
x[49] = -0.000728739
x[50] = 0.00340955
x[51] = -0.00283281
x[52] = 0.00709491
x[53] = -0.00339826
x[54] = 0.00634029
x[55] = 0.00585698
x[56] = -0.00190375
x[57] = -0.00175566
x[58] = -0.00314356
x[59] = 0.00319095
x[60] = 0.00745007
x[61] = 0.00749504
x[62] = 0.00483512
x[63] = 0.00508962
x[64] = 0.00628286
x[65] = 0.00517687
x[66] = 0.0080839
x[67] = 0.0039406
x[68] = -0.00166696
x[69] = 0.0099269
x[70] = -0.000161095
x[71] = 0.00554025
x[72] = 0.0100998
x[73] = -0.000647591
x[74] = 0.00366417
x[75] = 0.00868413
x[76] = 0.000613666
x[77] = 0.00551928
x[78] = 0.00754886
x[79] = 0.00330001
x[80] = 0.00892438
x[81] = 0.00838908
x[82] = -0.0029471
x[83] = -0.00087853
x[84] = 0.00292641
x[85] = 0.00881396
x[86] = 0.00871854
x[87] = 0.00360721
x[88] = 0.00704299
x[89] = 0.00465441
x[90] = 0.000607665
x[91] = -0.00114206
x[92] = 0.00313593
x[93] = 0.00118572
x[94] = 0.00890669
x[95] = 0.00804357
x[96] = -0.00142847
x[97] = 0.00753653
x[98] = 0.00867599
x[99] = -0.000863164
x[100] = -0.00203166
x[101] = -0.00017557
x[102] = -0.0017694
x[103] = 0.00915535
x[104] = 0.00676002
x[105] = 0.00717142
x[106] = -0.00186854
x[107] = 0.00125078
x[108] = 0.00915194
x[109] = -0.00050275
x[110] = -0.00160161
x[111] = -0.00090323
x[112] = 0.000904242
x[113] = 0.00649442
x[114] = 0.00765111
x[115] = 0.00486088
x[116] = 0.00216569
x[117] = 0.00335649
x[118] = 0.000622852
x[119] = -0.00118042
x[120] = -0.003158
x[121] = 0.00162529
x[122] = 0.00196199
x[123] = -0.000942073
x[124] = 0.00827974
x[125] = 0.00418354
x[126] = -0.00252718
x[127] = -0.00137392
x[128] = 0.00868257
x[129] = 0.00119779
x[130] = 0.00725227
x[131] = 0.0100431
x[132] = 0.00126559
x[133] = 0.00561982
x[134] = 0.00485063
x[135] = -0.00164812
x[136] = 0.00548818
x[137] = -0.00117958
x[138] = 0.00938175
x[139] = 0.00359655
x[140] = 0.00896201
x[141] = -0.00193573
x[142] = 0.00551226
x[143] = -3.58336e-05
x[144] = 0.00942762
x[145] = 3.68025e-05
x[146] = -0.00347754
x[147] = -0.000983883
x[148] = 0.00258256
x[149] = 0.00454575
