x[0] = (0.0137654,-0.019416)
x[1] = (0.00788402,0.0143062)
x[2] = (-0.00327094,0.00464747)
x[3] = (0.00907876,0.00513371)
x[4] = (0.0132858,0.00479914)
x[5] = (0.00780008,-0.0029586)
x[6] = (0.0267921,-0.0033291)
x[7] = (0.0170357,0.0125682)
x[8] = (0.000753901,0.00824237)
x[9] = (0.00541956,-0.00701394)
x[10] = (0.0172799,0.000767627)
x[11] = (0.0115548,0.0177322)
x[12] = (0.0100936,0.0070255)
x[13] = (0.0226244,-0.00509973)
x[14] = (0.0155757,-0.00159)
x[15] = (0.00160512,0.0077587)
x[16] = (0.0142159,0.00500101)
x[17] = (0.00126418,0.00897005)
x[18] = (0.00370017,-0.000764641)
x[19] = (0.0119825,-0.00252481)
x[20] = (0.0114661,0.0065585)
x[21] = (-0.0053873,-0.00261809)
x[22] = (0.00487004,-0.0130469)
x[23] = (-0.00666436,-0.00160348)
x[24] = (0.0107916,-0.00447526)
x[25] = (0.0162787,-0.00684929)
x[26] = (0.00667926,0.00442324)
x[27] = (0.0160306,0.00977471)
x[28] = (0.0156521,-2.92414e-05)
x[29] = (0.00902302,0.00100315)
x[30] = (0.0101948,0.00446819)
x[31] = (0.0124639,0.0097277)
x[32] = (0.0146312,0.000321998)
x[33] = (0.00875761,0.0145078)
x[34] = (0.025713,0.00618124)
x[35] = (-0.00118605,-0.000292209)
x[36] = (0.00987421,-0.00755207)
x[37] = (0.0244736,-0.000234674)
x[38] = (0.0116432,0.00585123)
x[39] = (-0.00876576,-0.00327268)
x[40] = (0.0100217,-0.010261)
x[41] = (0.00981004,-0.00674399)
x[42] = (0.00987525,-0.006541)
x[43] = (0.0259962,0.000128344)
x[44] = (0.00612174,-0.0103161)
x[45] = (0.00164806,-0.0103397)
x[46] = (0.00224133,0.0026895)
x[47] = (0.0174683,-0.011048)
x[48] = (0.0026537,0.00796686)
x[49] = (0.0224847,0.00138063)
