x[0] = 0.00536985
x[1] = -0.000585522
x[2] = 0.00980245
x[3] = -0.00296499
x[4] = -0.00283889
x[5] = 0.0102518
x[6] = 0.00144461
x[7] = 0.00578613
x[8] = 0.00403788
x[9] = 0.00732647
x[10] = 0.00617569
x[11] = 0.00571247
x[12] = -0.000524522
x[13] = -0.00319244
x[14] = 0.00688117
x[15] = 0.00919392
x[16] = 0.00780728
x[17] = 0.00525595
x[18] = 0.00691697
x[19] = 0.00860499
x[20] = -0.00174549
x[21] = 0.00179822
x[22] = 8.57002e-05
x[23] = -0.00184618
x[24] = -0.000947514
x[25] = 0.000922518
x[26] = 0.00244224
x[27] = 0.00186415
x[28] = 0.00491902
x[29] = 0.00155934
x[30] = 0.000364809
x[31] = 0.00352429
x[32] = -0.00149577
x[33] = 0.00153048
x[34] = -0.00319635
x[35] = 0.0021242
x[36] = -0.00125035
x[37] = 0.00995276
x[38] = 0.00258736
x[39] = -0.000186844
x[40] = 0.00422624
x[41] = 0.00897365
x[42] = -0.000419687
x[43] = 0.00800531
x[44] = 0.00373391
x[45] = -0.00310726
x[46] = 0.00266749
x[47] = 0.00656317
x[48] = 0.00336526
x[49] = -0.000722152
x[50] = 0.00341487
x[51] = -0.00282725
x[52] = 0.00709962
x[53] = -0.00339438
x[54] = 0.00634408
x[55] = 0.00586166
x[56] = -0.00189968
x[57] = -0.00175235
x[58] = -0.00314134
x[59] = 0.00319304
x[60] = 0.00745162
x[61] = 0.0074982
x[62] = 0.00483762
x[63] = 0.00509044
x[64] = 0.00628509
x[65] = 0.00517653
x[66] = 0.00808562
x[67] = 0.00394051
x[68] = -0.00166527
x[69] = 0.00992685
x[70] = -0.000161171
x[71] = 0.00553943
x[72] = 0.0100998
x[73] = -0.000647935
x[74] = 0.003664
x[75] = 0.00868291
x[76] = 0.000611751
x[77] = 0.00551783
x[78] = 0.00754644
x[79] = 0.00329799
x[80] = 0.00892187
x[81] = 0.00838558
x[82] = -0.00294935
x[83] = -0.00088271
x[84] = 0.00292248
x[85] = 0.00881145
x[86] = 0.00871534
x[87] = 0.00360315
x[88] = 0.00703933
x[89] = 0.00465146
x[90] = 0.000603161
x[91] = -0.0011463
x[92] = 0.00313187
x[93] = 0.00118114
x[94] = 0.00890127
x[95] = 0.00803883
x[96] = -0.00143308
x[97] = 0.00753089
x[98] = 0.00867045
x[99] = -0.000867964
x[100] = -0.00203688
x[101] = -0.000181686
x[102] = -0.0017749
x[103] = 0.0091502
x[104] = 0.00675516
x[105] = 0.00716602
x[106] = -0.00187376
x[107] = 0.00124539
x[108] = 0.00914649
x[109] = -0.000508512
x[110] = -0.00160686
x[111] = -0.000908187
x[112] = 0.000898952
x[113] = 0.00648952
x[114] = 0.00764558
x[115] = 0.00485525
x[116] = 0.00216035
x[117] = 0.00335144
x[118] = 0.000617701
x[119] = -0.00118594
x[120] = -0.00316234
x[121] = 0.00162011
x[122] = 0.00195645
x[123] = -0.000947288
x[124] = 0.00827495
x[125] = 0.00417925
x[126] = -0.002532
x[127] = -0.00137847
x[128] = 0.00867736
x[129] = 0.00119347
x[130] = 0.00724773
x[131] = 0.0100393
x[132] = 0.00126145
x[133] = 0.00561596
x[134] = 0.00484709
x[135] = -0.00165184
x[136] = 0.00548447
x[137] = -0.00118302
x[138] = 0.00937817
x[139] = 0.00359259
x[140] = 0.00895823
x[141] = -0.0019388
x[142] = 0.00550872
x[143] = -3.87111e-05
x[144] = 0.00942478
x[145] = 3.43276e-05
x[146] = -0.00348044
x[147] = -0.000986124
x[148] = 0.00257982
x[149] = 0.00454362
