x[0] = 0.00736624
x[1] = 0.00122386
x[2] = 0.00550364
x[3] = 0.0122137
x[4] = 0.0105483
x[5] = -0.00292109
x[6] = 0.00974767
x[7] = 0.00749405
x[8] = -0.000959076
x[9] = -0.00211718
x[10] = 0.0120911
x[11] = -0.00597202
x[12] = 0.00677527
x[13] = 0.00701413
x[14] = 0.00738926
x[15] = 0.00660783
x[16] = 0.00773808
x[17] = 0.00619293
x[18] = 0.00271623
x[19] = 0.00274469
x[20] = 0.0122616
x[21] = 0.0109831
x[22] = -0.00386018
x[23] = 0.0108117
x[24] = 0.00406951
x[25] = 0.00674775
x[26] = -5.64544e-05
x[27] = -7.70171e-05
x[28] = -0.00550913
x[29] = 0.0122915
x[30] = 0.00229844
x[31] = 0.0159085
x[32] = 0.0124231
x[33] = 0.0119404
x[34] = 0.0137727
x[35] = 0.0100166
x[36] = 0.00647766
x[37] = 0.00108381
x[38] = 0.00662499
x[39] = 0.00261514
x[40] = -7.36768e-06
x[41] = 0.000952441
x[42] = 0.012088
x[43] = -0.000809171
x[44] = 0.0113806
x[45] = 0.00549532
x[46] = -0.000226963
x[47] = 0.00733593
x[48] = 0.00647832
x[49] = 0.00356322
x[50] = 0.0056112
x[51] = 0.0050901
x[52] = 0.00184807
x[53] = 0.00100272
x[54] = 0.00508007
x[55] = 0.00801215
x[56] = 0.0085588
x[57] = 0.0059912
x[58] = 0.0112955
x[59] = 0.00770243
x[60] = 0.0032354
x[61] = 0.01101
x[62] = 0.00868576
x[63] = 0.00927909
x[64] = 0.011519
x[65] = 0.00315228
x[66] = 0.00555198
x[67] = 0.0104259
x[68] = 0.0142268
x[69] = 0.00195088
x[70] = 0.011597
x[71] = -0.000308133
x[72] = 0.000584265
x[73] = 0.00291279
x[74] = 0.00825597
x[75] = -0.00159062
x[76] = 0.00773851
x[77] = -0.00487745
x[78] = 0.00575637
x[79] = 0.00342242
x[80] = 0.00379713
x[81] = 0.0131752
x[82] = 0.00927767
x[83] = -0.000450866
x[84] = 0.00899411
x[85] = -0.00543287
x[86] = 0.000295993
x[87] = 0.00839575
x[88] = 0.0145846
x[89] = 0.000569393
x[90] = 0.0142084
x[91] = 0.00524911
x[92] = 0.00249484
x[93] = -0.00464517
x[94] = 0.01406
x[95] = 0.00251037
x[96] = 0.0130183
x[97] = 0.00196039
x[98] = -0.0021893
x[99] = 0.00188813
