x[0] = 0.0114758
x[1] = -0.00366301
x[2] = 0.0128478
x[3] = 0.00788711
x[4] = 0.00211796
x[5] = -0.00378576
x[6] = 0.00648819
x[7] = 0.0024253
x[8] = 0.00380988
x[9] = 0.0112778
x[10] = -0.000903764
x[11] = 0.00305
x[12] = 0.0136573
x[13] = 0.00996765
x[14] = 0.000921728
x[15] = 0.00178048
x[16] = -3.12532e-05
x[17] = -0.00417385
x[18] = -0.00293129
x[19] = -0.00389882
x[20] = 0.00549566
x[21] = 0.0123352
x[22] = 0.011501
x[23] = 0.00982169
x[24] = 0.00984754
x[25] = 0.0117757
x[26] = 0.0118477
x[27] = 0.0134386
x[28] = 0.0102228
x[29] = 0.0149351
x[30] = 0.00529487
x[31] = -0.00282905
x[32] = 0.0100321
x[33] = 0.0128202
x[34] = -0.00386279
x[35] = 0.0106395
x[36] = 0.0144979
x[37] = 0.00706509
x[38] = 0.00529858
x[39] = 0.00255179
x[40] = -0.00372177
x[41] = 0.00987494
x[42] = -8.4627e-05
x[43] = -0.00355853
x[44] = 0.0144256
x[45] = 0.00707855
x[46] = -0.00424263
x[47] = 0.0123626
x[48] = 0.00105477
x[49] = 0.00904835
x[50] = -0.00284832
x[51] = 0.00940642
x[52] = 0.0138629
x[53] = 0.00373684
x[54] = 0.00147568
x[55] = -0.00413265
x[56] = 0.013227
x[57] = -0.0021285
x[58] = 0.00295476
x[59] = -0.0026539
x[60] = -0.00151657
x[61] = -0.00123457
x[62] = -0.0028839
x[63] = 0.01229
x[64] = -0.00114774
x[65] = -0.00327797
x[66] = 0.011103
x[67] = -0.00371541
x[68] = 0.00386143
x[69] = 0.00781743
x[70] = 0.0139637
x[71] = 0.0100414
x[72] = 0.00402929
x[73] = 0.0126587
x[74] = 0.0145883
x[75] = 0.00848984
x[76] = 0.00902098
x[77] = 0.000182765
x[78] = 0.0153544
x[79] = 0.0105574
x[80] = 0.0107556
x[81] = 0.00236535
x[82] = 0.00216659
x[83] = 0.00773929
x[84] = 0.00485891
x[85] = 0.0045855
x[86] = 0.00761407
x[87] = 0.0104564
x[88] = 0.0049502
x[89] = 0.000475578
x[90] = 0.0120454
x[91] = 0.00917324
x[92] = -0.00521046
x[93] = 0.0124885
x[94] = 0.00293769
x[95] = 0.0112308
x[96] = -0.00124278
x[97] = 0.00888792
x[98] = 0.00314528
x[99] = 0.00549864
