x[0] = (0.0232407,-0.0194773)
x[1] = (1.52898e+284,-1.22454e+284)
x[2] = (-4.0667e+284,3.47392e+284)
x[3] = (1.38153e+284,-1.38981e+284)
x[4] = (1.15646e+284,-7.95867e+283)
x[5] = (1.19323e+284,-1.2381e+284)
x[6] = (1.43016e+284,-1.15157e+284)
x[7] = (1.07712e+284,-1.31888e+284)
x[8] = (1.20786e+284,-1.34059e+284)
x[9] = (-3.01318e+284,3.18985e+284)
x[10] = (7.24472e+283,-1.08217e+284)
x[11] = (1.33982e+284,-9.41441e+283)
x[12] = (-2.99442e+284,3.0341e+284)
x[13] = (-2.52765e+284,3.13083e+284)
x[14] = (1.01797e+284,-9.97267e+283)
x[15] = (1.19611e+284,-1.41438e+284)
x[16] = (7.47909e+283,-7.58278e+283)
x[17] = (-7.97514e+284,-1.14892e+284)
x[18] = (9.7428e+283,-1.21929e+284)
x[19] = (1.13192e+284,-1.26834e+284)
x[20] = (1.19764e+284,-9.21224e+283)
x[21] = (8.09554e+283,-1.06432e+284)
x[22] = (1.05391e+284,-9.96407e+283)
x[23] = (9.90713e+283,-9.03546e+283)
x[24] = (8.93551e+283,-1.02804e+284)
x[25] = (-3.2103e+284,3.38144e+284)
x[26] = (-2.90573e+284,2.89618e+284)
x[27] = (-3.49021e+284,3.19009e+284)
x[28] = (-2.61641e+284,3.85317e+284)
x[29] = (-3.48817e+284,3.3656e+284)
x[30] = (-3.36561e+284,3.98197e+284)
x[31] = (-3.40585e+284,3.98238e+284)
x[32] = (5.89885e+283,-6.32162e+283)
x[33] = (-4.13908e+284,3.75156e+284)
x[34] = (-3.78674e+284,3.89227e+284)
x[35] = (-4.32021e+284,3.85842e+284)
x[36] = (-3.95764e+284,4.16735e+284)
x[37] = (-3.88601e+284,4.07257e+284)
x[38] = (-4.07829e+284,3.40888e+284)
x[39] = (-4.23576e+284,4.03619e+284)
x[40] = (-3.55786e+284,4.08811e+284)
x[41] = (4.78959e+283,-3.02832e+283)
x[42] = (-3.94453e+284,4.20167e+284)
x[43] = (8.67129e+282,-1.17307e+283)
x[44] = (1.44186e+283,-1.27944e+283)
x[45] = (2.13186e+283,-2.0539e+283)
x[46] = (-3.74009e+284,4.28647e+284)
x[47] = (-4.42882e+284,4.15138e+284)
x[48] = (-3.75052e+284,3.95819e+284)
x[49] = (-4.43712e+284,3.80013e+284)
