x[0] = 0.0129564
x[1] = 0.00124357
x[2] = 0.00552282
x[3] = 0.012232
x[4] = 0.0105665
x[5] = -0.00290549
x[6] = 0.00976253
x[7] = 0.00750949
x[8] = -0.000941286
x[9] = -0.00210004
x[10] = 0.0121088
x[11] = -0.00595615
x[12] = 0.00679452
x[13] = 0.00702986
x[14] = 0.00740623
x[15] = 0.00662303
x[16] = 0.00775558
x[17] = 0.00621004
x[18] = 0.00273181
x[19] = 0.00275905
x[20] = 0.0122759
x[21] = 0.010997
x[22] = -0.00384824
x[23] = 0.0108236
x[24] = 0.00408013
x[25] = 0.00676119
x[26] = -4.28563e-05
x[27] = -6.55523e-05
x[28] = -0.00549872
x[29] = 0.0123016
x[30] = 0.00230883
x[31] = 0.0159164
x[32] = 0.0124294
x[33] = 0.0119482
x[34] = 0.0137794
x[35] = 0.0100217
x[36] = 0.00648434
x[37] = 0.00108768
x[38] = 0.00662899
x[39] = 0.00261818
x[40] = -5.11897e-06
x[41] = 0.000954219
x[42] = 0.0120883
x[43] = -0.000805407
x[44] = 0.0113805
x[45] = 0.00549463
x[46] = -0.000226801
x[47] = 0.0073353
x[48] = 0.00647615
x[49] = 0.00356387
x[50] = 0.00560917
x[51] = 0.00508838
x[52] = 0.00184698
x[53] = 0.000998583
x[54] = 0.00507706
x[55] = 0.00800731
x[56] = 0.00855372
x[57] = 0.00598763
x[58] = 0.0112904
x[59] = 0.00769788
x[60] = 0.00322995
x[61] = 0.0110052
x[62] = 0.00868074
x[63] = 0.00927328
x[64] = 0.0115128
x[65] = 0.00314588
x[66] = 0.00554582
x[67] = 0.0104203
x[68] = 0.01422
x[69] = 0.00194346
x[70] = 0.0115908
x[71] = -0.000314874
x[72] = 0.000577683
x[73] = 0.00290649
x[74] = 0.00824954
x[75] = -0.0015975
x[76] = 0.00773191
x[77] = -0.00488343
x[78] = 0.00575022
x[79] = 0.00341663
x[80] = 0.00379061
x[81] = 0.0131698
x[82] = 0.0092716
x[83] = -0.00045682
x[84] = 0.0089891
x[85] = -0.00543835
x[86] = 0.000290646
x[87] = 0.00839132
x[88] = 0.014579
x[89] = 0.000564356
x[90] = 0.014204
x[91] = 0.00524424
x[92] = 0.00249056
x[93] = -0.00464893
x[94] = 0.0140552
x[95] = 0.00250659
x[96] = 0.013015
x[97] = 0.00195602
x[98] = -0.002192
x[99] = 0.0018866
