x[0] = 0.00195625
x[1] = -0.000536511
x[2] = 0.00985174
x[3] = -0.00291561
x[4] = -0.00279002
x[5] = 0.010301
x[6] = 0.00149353
x[7] = 0.00583524
x[8] = 0.00408686
x[9] = 0.00737564
x[10] = 0.00622477
x[11] = 0.00576173
x[12] = -0.000475471
x[13] = -0.0031434
x[14] = 0.00693016
x[15] = 0.00924313
x[16] = 0.00785655
x[17] = 0.00530527
x[18] = 0.00696619
x[19] = 0.00865431
x[20] = -0.00169643
x[21] = 0.00184768
x[22] = 0.000135111
x[23] = -0.00179676
x[24] = -0.000898082
x[25] = 0.000971485
x[26] = 0.00249134
x[27] = 0.00191307
x[28] = 0.004968
x[29] = 0.00160858
x[30] = 0.000413709
x[31] = 0.00357346
x[32] = -0.00144643
x[33] = 0.00157975
x[34] = -0.00314689
x[35] = 0.00217306
x[36] = -0.00120111
x[37] = 0.0100018
x[38] = 0.00263686
x[39] = -0.000137801
x[40] = 0.00427534
x[41] = 0.00902305
x[42] = -0.000370277
x[43] = 0.0080545
x[44] = 0.00378277
x[45] = -0.00305835
x[46] = 0.00271669
x[47] = 0.00661223
x[48] = 0.00341456
x[49] = -0.0006728
x[50] = 0.00346409
x[51] = -0.00277789
x[52] = 0.00714905
x[53] = -0.00334488
x[54] = 0.00639349
x[55] = 0.00591106
x[56] = -0.00185079
x[57] = -0.0017033
x[58] = -0.00309242
x[59] = 0.00324199
x[60] = 0.00750055
x[61] = 0.0075473
x[62] = 0.00488694
x[63] = 0.00513945
x[64] = 0.00633404
x[65] = 0.00522583
x[66] = 0.00813444
x[67] = 0.00398972
x[68] = -0.00161597
x[69] = 0.00997589
x[70] = -0.000112223
x[71] = 0.0055885
x[72] = 0.0101493
x[73] = -0.00059854
x[74] = 0.00371347
x[75] = 0.00873233
x[76] = 0.00066092
x[77] = 0.00556728
x[78] = 0.00759566
x[79] = 0.00334715
x[80] = 0.00897123
x[81] = 0.00843448
x[82] = -0.00290002
x[83] = -0.000833696
x[84] = 0.00297183
x[85] = 0.00886033
x[86] = 0.00876465
x[87] = 0.00365211
x[88] = 0.00708842
x[89] = 0.00470081
x[90] = 0.000652578
x[91] = -0.0010974
x[92] = 0.00318087
x[93] = 0.00123063
x[94] = 0.00895048
x[95] = 0.00808829
x[96] = -0.0013836
x[97] = 0.00758018
x[98] = 0.00871993
x[99] = -0.000818827
x[100] = -0.00198795
x[101] = -0.00013262
x[102] = -0.00172604
x[103] = 0.00919936
x[104] = 0.00680419
x[105] = 0.0072151
x[106] = -0.00182438
x[107] = 0.00129443
x[108] = 0.00919562
x[109] = -0.00045959
x[110] = -0.00155774
x[111] = -0.000859293
x[112] = 0.000948211
x[113] = 0.006539
x[114] = 0.0076947
x[115] = 0.00490415
x[116] = 0.00220944
x[117] = 0.0034007
x[118] = 0.00066678
x[119] = -0.00113646
x[120] = -0.00311302
x[121] = 0.001669
x[122] = 0.00200581
x[123] = -0.000898228
x[124] = 0.00832411
x[125] = 0.00422829
x[126] = -0.00248283
x[127] = -0.00132925
x[128] = 0.00872631
x[129] = 0.00124263
x[130] = 0.00729661
x[131] = 0.0100884
x[132] = 0.00131048
x[133] = 0.00566484
x[134] = 0.00489611
x[135] = -0.0016027
x[136] = 0.00553351
x[137] = -0.00113389
x[138] = 0.00942714
x[139] = 0.00364144
x[140] = 0.0090072
x[141] = -0.00188946
x[142] = 0.00555757
x[143] = 1.0538e-05
x[144] = 0.00947371
x[145] = 8.36584e-05
x[146] = -0.00343148
x[147] = -0.000937038
x[148] = 0.00262913
x[149] = 0.00459307
