x[0] = 0.00743139
x[1] = 0.00129213
x[2] = 0.00557181
x[3] = 0.012281
x[4] = 0.0106153
x[5] = -0.00285704
x[6] = 0.00981154
x[7] = 0.00755792
x[8] = -0.000892914
x[9] = -0.00205147
x[10] = 0.0121571
x[11] = -0.00590756
x[12] = 0.00684374
x[13] = 0.00707819
x[14] = 0.00745545
x[15] = 0.00667187
x[16] = 0.00780479
x[17] = 0.00625871
x[18] = 0.00278104
x[19] = 0.00280816
x[20] = 0.0123244
x[21] = 0.0110462
x[22] = -0.00379911
x[23] = 0.0108727
x[24] = 0.00412908
x[25] = 0.00680968
x[26] = 5.60305e-06
x[27] = -1.68876e-05
x[28] = -0.00544952
x[29] = 0.01235
x[30] = 0.00235737
x[31] = 0.0159653
x[32] = 0.0124781
x[33] = 0.0119975
x[34] = 0.0138282
x[35] = 0.0100702
x[36] = 0.00653348
x[37] = 0.00113648
x[38] = 0.00667749
x[39] = 0.00266695
x[40] = 4.40578e-05
x[41] = 0.00100336
x[42] = 0.0121369
x[43] = -0.000756346
x[44] = 0.0114295
x[45] = 0.00554361
x[46] = -0.000177677
x[47] = 0.00738366
x[48] = 0.00652492
x[49] = 0.00361273
x[50] = 0.00565759
x[51] = 0.00513744
x[52] = 0.00189564
x[53] = 0.00104746
x[54] = 0.00512544
x[55] = 0.00805597
x[56] = 0.0086025
x[57] = 0.00603688
x[58] = 0.0113391
x[59] = 0.00774642
x[60] = 0.00327878
x[61] = 0.0110536
x[62] = 0.00872935
x[63] = 0.00932174
x[64] = 0.0115617
x[65] = 0.00319427
x[66] = 0.00559493
x[67] = 0.0104687
x[68] = 0.0142684
x[69] = 0.00199237
x[70] = 0.0116391
x[71] = -0.000266469
x[72] = 0.000626976
x[73] = 0.00295552
x[74] = 0.00829853
x[75] = -0.00154909
x[76] = 0.00778096
x[77] = -0.00483421
x[78] = 0.00579892
x[79] = 0.0034655
x[80] = 0.00383946
x[81] = 0.0132183
x[82] = 0.00932076
x[83] = -0.00040801
x[84] = 0.00903771
x[85] = -0.00538966
x[86] = 0.000339582
x[87] = 0.00843988
x[88] = 0.0146275
x[89] = 0.000613136
x[90] = 0.0142525
x[91] = 0.0052931
x[92] = 0.00253933
x[93] = -0.00459984
x[94] = 0.0141035
x[95] = 0.00255501
x[96] = 0.0130638
x[97] = 0.00200459
x[98] = -0.00214358
x[99] = 0.00193547
